1TKI

V=[50, 10, 5, 2, 0.8, 0.4]

f11=[1618e-12, 822e-12, 745e-12, 650e-12, 459e-12, 429e-12]
f12=[1372e-12, 815e-12, 720e-12, 576e-12, 443e-12, 334e-12]
p11=[2.78690714e+03  , 1.96046057e-10  , 8.85721077e+20]
p12=[7.94429056e+07  , 4.28672569e-11  , 9.25515245e+21]
p11_50=[  6.76379499e+00 ,  2.82525955e-10  , 5.77520154e+20]
p12_50=[  5.67230187e+01  , 2.56388211e-10 ,  6.47123456e+20]




publ
f31=[1323e-12, 796e-12, 645e-12, 366e-12, 495e-12, 452e-12]
f32=[1376e-12, 710e-12, 526e-12, 559e-12, 667e-12, 538e-12]
p31=[3.97035645e-01 ,  3.47028735e-10 ,  4.35607856e+20]
p32= [ 1.21944193e-26 ,  1.10098013e-09  , 1.40503037e+20]
p21_50=[  3.42099632e-01 ,  3.49305043e-10  , 4.32387983e+20]
p22_50=[  4.14731885e-05 ,  4.42650488e-10  , 3.62924718e+20]

1TIT

f=[ 125e-12,  166e-12, 230e-12, 283e-12 ]
V=[0.01e-6, 0.1e-6, 1e-6, 10e-6]
